325 177
751 978
253 211
860 878
146 540
770 359
86 494
960 878
281 146
445 564
701 432
985 114
378 236
689 877
635 939
390 135
203 101
995 464
485 357
514 660
240 107
954 446
491 530
622 74
2 733
469 703
829 309
993 107
145 438
334 233
454 592
993 94
149 712
843 402
611 262
577 705
998 682
953 737
122 992
435 21
617 714
785 984
261 4
749 942
923 363
622 324
694 327
534 832
309 56
18 19
546 932
327 226
8 342
334 164
256 195
635 326
288 117
88 746
881 730
761 542
603 87
52 569
375 174
639 80
201 16
325 991
856 651
950 947
811 923
106 612
529 567
618 871
717 595
572 281
612 499
105 625
733 855
796 660
613 921
329 636
731 259
335 362
230 854
995 216
921 222
635 275
688 681
796 910
987 782
537 490
