Profiling for Convex Hull by Divide and Conquer:
			Set Size: 3
			Set Elements: {(450,299)  (608,371)  (393,452)  }
			Time Taken: 8252000ns


Profiling for Convex Hull by Divide and Conquer:
			Set Size: 4
			Set Elements: {(569,253)  (873,341)  (588,485)  (317,368)  }
			Time Taken: 77000ns


Profiling for Convex Hull by Divide and Conquer:
			Set Size: 10
			Set Elements: {(950,775)  (412,544)  (178,574)  (303,855)  (393,780)  (14,848)  (101,984)  (224,276)  (227,313)  (21,325)  }
			Time Taken: 1492000ns


Profiling for Convex Hull by Divide and Conquer:
			Set Size: 110
			Set Elements: {(950,775)  (412,544)  (178,574)  (303,855)  (393,780)  (14,848)  (101,984)  (224,276)  (227,313)  (21,325)  (703,575)  (855,259)  (33,77)  (139,9)  (695,319)  (421,176)  (664,365)  (53,680)  (809,928)  (638,386)  (609,127)  (67,492)  (346,207)  (468,296)  (473,499)  (80,97)  (999,536)  (741,259)  (928,186)  (994,469)  (128,873)  (326,262)  (653,146)  (706,201)  (848,307)  (665,95)  (85,111)  (672,592)  (274,602)  (623,637)  (429,226)  (967,69)  (613,130)  (478,329)  (842,668)  (470,966)  (505,953)  (165,823)  (472,840)  (797,429)  (712,266)  (650,676)  (496,414)  (796,218)  (573,518)  (290,663)  (679,332)  (991,996)  (39,930)  (297,386)  (213,373)  (915,295)  (311,501)  (973,527)  (395,388)  (778,925)  (533,416)  (383,61)  (964,223)  (171,359)  (798,766)  (209,50)  (444,126)  (786,587)  (97,547)  (864,896)  (411,706)  (462,509)  (812,695)  (35,794)  (619,272)  (29,175)  (123,994)  (897,997)  (973,342)  (497,523)  (545,263)  (455,993)  (568,74)  (934,181)  (781,946)  (319,584)  (826,296)  (473,403)  (806,4)  (66,947)  (404,874)  (570,582)  (895,571)  (247,857)  (993,527)  (658,153)  (867,884)  (80,50)  (175,934)  (45,670)  (473,19)  (459,29)  (132,273)  (745,678)  }
			Time Taken: 333000ns


Profiling for Convex Hull by Divide and Conquer:
			Set Size: 110
			Set Elements: {(950,775)  (412,544)  (178,574)  (303,855)  (393,780)  (14,848)  (101,984)  (224,276)  (227,313)  (21,325)  (703,575)  (855,259)  (33,77)  (139,9)  (695,319)  (421,176)  (664,365)  (53,680)  (809,928)  (638,386)  (609,127)  (67,492)  (346,207)  (468,296)  (473,499)  (80,97)  (999,536)  (741,259)  (928,186)  (994,469)  (128,873)  (326,262)  (653,146)  (706,201)  (848,307)  (665,95)  (85,111)  (672,592)  (274,602)  (623,637)  (429,226)  (967,69)  (613,130)  (478,329)  (842,668)  (470,966)  (505,953)  (165,823)  (472,840)  (797,429)  (712,266)  (650,676)  (496,414)  (796,218)  (573,518)  (290,663)  (679,332)  (991,996)  (39,930)  (297,386)  (213,373)  (915,295)  (311,501)  (973,527)  (395,388)  (778,925)  (533,416)  (383,61)  (964,223)  (171,359)  (798,766)  (209,50)  (444,126)  (786,587)  (97,547)  (864,896)  (411,706)  (462,509)  (812,695)  (35,794)  (619,272)  (29,175)  (123,994)  (897,997)  (973,342)  (497,523)  (545,263)  (455,993)  (568,74)  (934,181)  (781,946)  (319,584)  (826,296)  (473,403)  (806,4)  (66,947)  (404,874)  (570,582)  (895,571)  (247,857)  (993,527)  (658,153)  (867,884)  (80,50)  (175,934)  (45,670)  (473,19)  (459,29)  (132,273)  (745,678)  }
			Time Taken: 352000ns


Profiling for Convex Hull by Divide and Conquer:
			Set Size: 10
			Set Elements: {(950,775)  (412,544)  (178,574)  (303,855)  (393,780)  (14,848)  (101,984)  (224,276)  (227,313)  (21,325)  }
			Time Taken: 1524000ns


Profiling for Convex Hull by Divide and Conquer:
			Set Size: 70
			Set Elements: {(219,551)  (338,690)  (508,677)  (426,810)  (599,98)  (993,386)  (302,669)  (801,904)  (33,467)  (997,148)  (178,105)  (827,561)  (959,341)  (525,177)  (637,113)  (486,145)  (455,370)  (834,406)  (462,339)  (430,946)  (594,601)  (46,535)  (359,43)  (181,511)  (827,785)  (223,678)  (987,933)  (819,972)  (806,546)  (508,267)  (785,679)  (678,129)  (129,928)  (334,106)  (263,986)  (803,686)  (949,1)  (368,930)  (799,768)  (627,422)  (237,619)  (655,794)  (149,188)  (414,598)  (269,825)  (995,100)  (246,311)  (59,252)  (156,877)  (347,556)  (961,391)  (893,786)  (930,444)  (924,720)  (202,623)  (847,90)  (362,7)  (355,582)  (122,323)  (800,745)  (96,646)  (213,882)  (31,738)  (192,453)  (844,588)  (294,527)  (850,724)  (168,993)  (621,480)  (206,955)  }
			Time Taken: 252000ns


Profiling for Convex Hull by Divide and Conquer:
			Set Size: 100
			Set Elements: {(703,575)  (855,259)  (33,77)  (139,9)  (695,319)  (421,176)  (664,365)  (53,680)  (809,928)  (638,386)  (609,127)  (67,492)  (346,207)  (468,296)  (473,499)  (80,97)  (999,536)  (741,259)  (928,186)  (994,469)  (128,873)  (326,262)  (653,146)  (706,201)  (848,307)  (665,95)  (85,111)  (672,592)  (274,602)  (623,637)  (429,226)  (967,69)  (613,130)  (478,329)  (842,668)  (470,966)  (505,953)  (165,823)  (472,840)  (797,429)  (712,266)  (650,676)  (496,414)  (796,218)  (573,518)  (290,663)  (679,332)  (991,996)  (39,930)  (297,386)  (213,373)  (915,295)  (311,501)  (973,527)  (395,388)  (778,925)  (533,416)  (383,61)  (964,223)  (171,359)  (798,766)  (209,50)  (444,126)  (786,587)  (97,547)  (864,896)  (411,706)  (462,509)  (812,695)  (35,794)  (619,272)  (29,175)  (123,994)  (897,997)  (973,342)  (497,523)  (545,263)  (455,993)  (568,74)  (934,181)  (781,946)  (319,584)  (826,296)  (473,403)  (806,4)  (66,947)  (404,874)  (570,582)  (895,571)  (247,857)  (993,527)  (658,153)  (867,884)  (80,50)  (175,934)  (45,670)  (473,19)  (459,29)  (132,273)  (745,678)  }
			Time Taken: 300000ns


Profiling for Convex Hull by Divide and Conquer:
			Set Size: 5
			Set Elements: {(304,206)  (542,266)  (350,374)  (470,91)  (605,188)  }
			Time Taken: 68000ns


Profiling for Convex Hull by Divide and Conquer:
			Set Size: 60
			Set Elements: {(217,67)  (785,282)  (326,30)  (586,868)  (84,830)  (438,428)  (370,299)  (472,169)  (242,430)  (863,143)  (541,858)  (383,265)  (734,277)  (857,777)  (40,366)  (241,672)  (740,64)  (376,458)  (698,316)  (334,800)  (188,326)  (837,969)  (946,606)  (365,826)  (381,935)  (199,450)  (412,868)  (729,867)  (76,421)  (341,810)  (888,769)  (142,104)  (725,566)  (296,225)  (95,827)  (650,513)  (238,791)  (339,278)  (39,475)  (462,417)  (768,658)  (604,606)  (268,857)  (581,427)  (903,232)  (418,350)  (479,960)  (650,406)  (831,927)  (758,939)  (633,31)  (571,802)  (478,670)  (524,921)  (5,174)  (594,505)  (127,891)  (809,489)  (131,133)  (607,350)  }
			Time Taken: 248000ns


Profiling for Convex Hull by Divide and Conquer:
			Set Size: 10
			Set Elements: {(950,775)  (412,544)  (178,574)  (303,855)  (393,780)  (14,848)  (101,984)  (224,276)  (227,313)  (21,325)  }
			Time Taken: 1525000ns


Profiling for Convex Hull by Divide and Conquer:
			Set Size: 10
			Set Elements: {(950,775)  (412,544)  (178,574)  (303,855)  (393,780)  (14,848)  (101,984)  (224,276)  (227,313)  (21,325)  }
			Time Taken: 1507000ns


Profiling for Convex Hull by Divide and Conquer:
			Set Size: 4
			Set Elements: {(593,402)  (1131,224)  (1090,467)  (712,271)  }
			Time Taken: 1405000ns


Profiling for Convex Hull by Divide and Conquer:
			Set Size: 80
			Set Elements: {(717,988)  (909,387)  (286,502)  (367,347)  (487,830)  (927,803)  (167,470)  (447,988)  (774,490)  (783,392)  (447,742)  (223,323)  (40,668)  (270,376)  (39,113)  (124,584)  (83,969)  (184,397)  (459,233)  (239,36)  (799,315)  (658,377)  (937,639)  (954,940)  (383,260)  (491,506)  (393,110)  (954,759)  (57,241)  (188,950)  (435,347)  (869,515)  (939,712)  (74,623)  (646,719)  (723,11)  (358,682)  (208,392)  (77,291)  (327,243)  (245,529)  (672,574)  (105,722)  (61,17)  (628,58)  (897,760)  (484,122)  (331,854)  (826,572)  (239,439)  (73,603)  (353,955)  (225,639)  (191,590)  (343,45)  (963,540)  (659,406)  (993,354)  (629,478)  (971,55)  (28,940)  (127,18)  (893,266)  (73,13)  (740,114)  (730,887)  (442,720)  (61,744)  (52,63)  (794,5)  (475,923)  (513,707)  (853,22)  (172,896)  (776,358)  (209,437)  (246,51)  (531,336)  (778,606)  (564,981)  }
			Time Taken: 278000ns


Profiling for Convex Hull by Divide and Conquer:
			Set Size: 60
			Set Elements: {(217,67)  (785,282)  (326,30)  (586,868)  (84,830)  (438,428)  (370,299)  (472,169)  (242,430)  (863,143)  (541,858)  (383,265)  (734,277)  (857,777)  (40,366)  (241,672)  (740,64)  (376,458)  (698,316)  (334,800)  (188,326)  (837,969)  (946,606)  (365,826)  (381,935)  (199,450)  (412,868)  (729,867)  (76,421)  (341,810)  (888,769)  (142,104)  (725,566)  (296,225)  (95,827)  (650,513)  (238,791)  (339,278)  (39,475)  (462,417)  (768,658)  (604,606)  (268,857)  (581,427)  (903,232)  (418,350)  (479,960)  (650,406)  (831,927)  (758,939)  (633,31)  (571,802)  (478,670)  (524,921)  (5,174)  (594,505)  (127,891)  (809,489)  (131,133)  (607,350)  }
			Time Taken: 1630000ns


Profiling for Convex Hull by Divide and Conquer:
			Set Size: 10
			Set Elements: {(950,775)  (412,544)  (178,574)  (303,855)  (393,780)  (14,848)  (101,984)  (224,276)  (227,313)  (21,325)  }
			Time Taken: 1431000ns


Profiling for Convex Hull by Divide and Conquer:
			Set Size: 100
			Set Elements: {(703,575)  (855,259)  (33,77)  (139,9)  (695,319)  (421,176)  (664,365)  (53,680)  (809,928)  (638,386)  (609,127)  (67,492)  (346,207)  (468,296)  (473,499)  (80,97)  (999,536)  (741,259)  (928,186)  (994,469)  (128,873)  (326,262)  (653,146)  (706,201)  (848,307)  (665,95)  (85,111)  (672,592)  (274,602)  (623,637)  (429,226)  (967,69)  (613,130)  (478,329)  (842,668)  (470,966)  (505,953)  (165,823)  (472,840)  (797,429)  (712,266)  (650,676)  (496,414)  (796,218)  (573,518)  (290,663)  (679,332)  (991,996)  (39,930)  (297,386)  (213,373)  (915,295)  (311,501)  (973,527)  (395,388)  (778,925)  (533,416)  (383,61)  (964,223)  (171,359)  (798,766)  (209,50)  (444,126)  (786,587)  (97,547)  (864,896)  (411,706)  (462,509)  (812,695)  (35,794)  (619,272)  (29,175)  (123,994)  (897,997)  (973,342)  (497,523)  (545,263)  (455,993)  (568,74)  (934,181)  (781,946)  (319,584)  (826,296)  (473,403)  (806,4)  (66,947)  (404,874)  (570,582)  (895,571)  (247,857)  (993,527)  (658,153)  (867,884)  (80,50)  (175,934)  (45,670)  (473,19)  (459,29)  (132,273)  (745,678)  }
			Time Taken: 1699000ns


Profiling for Convex Hull by Divide and Conquer:
			Set Size: 100
			Set Elements: {(703,575)  (855,259)  (33,77)  (139,9)  (695,319)  (421,176)  (664,365)  (53,680)  (809,928)  (638,386)  (609,127)  (67,492)  (346,207)  (468,296)  (473,499)  (80,97)  (999,536)  (741,259)  (928,186)  (994,469)  (128,873)  (326,262)  (653,146)  (706,201)  (848,307)  (665,95)  (85,111)  (672,592)  (274,602)  (623,637)  (429,226)  (967,69)  (613,130)  (478,329)  (842,668)  (470,966)  (505,953)  (165,823)  (472,840)  (797,429)  (712,266)  (650,676)  (496,414)  (796,218)  (573,518)  (290,663)  (679,332)  (991,996)  (39,930)  (297,386)  (213,373)  (915,295)  (311,501)  (973,527)  (395,388)  (778,925)  (533,416)  (383,61)  (964,223)  (171,359)  (798,766)  (209,50)  (444,126)  (786,587)  (97,547)  (864,896)  (411,706)  (462,509)  (812,695)  (35,794)  (619,272)  (29,175)  (123,994)  (897,997)  (973,342)  (497,523)  (545,263)  (455,993)  (568,74)  (934,181)  (781,946)  (319,584)  (826,296)  (473,403)  (806,4)  (66,947)  (404,874)  (570,582)  (895,571)  (247,857)  (993,527)  (658,153)  (867,884)  (80,50)  (175,934)  (45,670)  (473,19)  (459,29)  (132,273)  (745,678)  }
			Time Taken: 310000ns


Profiling for Convex Hull by Divide and Conquer:
			Set Size: 100
			Set Elements: {(703,575)  (855,259)  (33,77)  (139,9)  (695,319)  (421,176)  (664,365)  (53,680)  (809,928)  (638,386)  (609,127)  (67,492)  (346,207)  (468,296)  (473,499)  (80,97)  (999,536)  (741,259)  (928,186)  (994,469)  (128,873)  (326,262)  (653,146)  (706,201)  (848,307)  (665,95)  (85,111)  (672,592)  (274,602)  (623,637)  (429,226)  (967,69)  (613,130)  (478,329)  (842,668)  (470,966)  (505,953)  (165,823)  (472,840)  (797,429)  (712,266)  (650,676)  (496,414)  (796,218)  (573,518)  (290,663)  (679,332)  (991,996)  (39,930)  (297,386)  (213,373)  (915,295)  (311,501)  (973,527)  (395,388)  (778,925)  (533,416)  (383,61)  (964,223)  (171,359)  (798,766)  (209,50)  (444,126)  (786,587)  (97,547)  (864,896)  (411,706)  (462,509)  (812,695)  (35,794)  (619,272)  (29,175)  (123,994)  (897,997)  (973,342)  (497,523)  (545,263)  (455,993)  (568,74)  (934,181)  (781,946)  (319,584)  (826,296)  (473,403)  (806,4)  (66,947)  (404,874)  (570,582)  (895,571)  (247,857)  (993,527)  (658,153)  (867,884)  (80,50)  (175,934)  (45,670)  (473,19)  (459,29)  (132,273)  (745,678)  }
			Time Taken: 313000ns


Profiling for Convex Hull by Divide and Conquer:
			Set Size: 100
			Set Elements: {(703,575)  (855,259)  (33,77)  (139,9)  (695,319)  (421,176)  (664,365)  (53,680)  (809,928)  (638,386)  (609,127)  (67,492)  (346,207)  (468,296)  (473,499)  (80,97)  (999,536)  (741,259)  (928,186)  (994,469)  (128,873)  (326,262)  (653,146)  (706,201)  (848,307)  (665,95)  (85,111)  (672,592)  (274,602)  (623,637)  (429,226)  (967,69)  (613,130)  (478,329)  (842,668)  (470,966)  (505,953)  (165,823)  (472,840)  (797,429)  (712,266)  (650,676)  (496,414)  (796,218)  (573,518)  (290,663)  (679,332)  (991,996)  (39,930)  (297,386)  (213,373)  (915,295)  (311,501)  (973,527)  (395,388)  (778,925)  (533,416)  (383,61)  (964,223)  (171,359)  (798,766)  (209,50)  (444,126)  (786,587)  (97,547)  (864,896)  (411,706)  (462,509)  (812,695)  (35,794)  (619,272)  (29,175)  (123,994)  (897,997)  (973,342)  (497,523)  (545,263)  (455,993)  (568,74)  (934,181)  (781,946)  (319,584)  (826,296)  (473,403)  (806,4)  (66,947)  (404,874)  (570,582)  (895,571)  (247,857)  (993,527)  (658,153)  (867,884)  (80,50)  (175,934)  (45,670)  (473,19)  (459,29)  (132,273)  (745,678)  }
			Time Taken: 316000ns


Profiling for Convex Hull by Divide and Conquer:
			Set Size: 100
			Set Elements: {(703,575)  (855,259)  (33,77)  (139,9)  (695,319)  (421,176)  (664,365)  (53,680)  (809,928)  (638,386)  (609,127)  (67,492)  (346,207)  (468,296)  (473,499)  (80,97)  (999,536)  (741,259)  (928,186)  (994,469)  (128,873)  (326,262)  (653,146)  (706,201)  (848,307)  (665,95)  (85,111)  (672,592)  (274,602)  (623,637)  (429,226)  (967,69)  (613,130)  (478,329)  (842,668)  (470,966)  (505,953)  (165,823)  (472,840)  (797,429)  (712,266)  (650,676)  (496,414)  (796,218)  (573,518)  (290,663)  (679,332)  (991,996)  (39,930)  (297,386)  (213,373)  (915,295)  (311,501)  (973,527)  (395,388)  (778,925)  (533,416)  (383,61)  (964,223)  (171,359)  (798,766)  (209,50)  (444,126)  (786,587)  (97,547)  (864,896)  (411,706)  (462,509)  (812,695)  (35,794)  (619,272)  (29,175)  (123,994)  (897,997)  (973,342)  (497,523)  (545,263)  (455,993)  (568,74)  (934,181)  (781,946)  (319,584)  (826,296)  (473,403)  (806,4)  (66,947)  (404,874)  (570,582)  (895,571)  (247,857)  (993,527)  (658,153)  (867,884)  (80,50)  (175,934)  (45,670)  (473,19)  (459,29)  (132,273)  (745,678)  }
			Time Taken: 246000ns


Profiling for Convex Hull by Divide and Conquer:
			Set Size: 10
			Set Elements: {(950,775)  (412,544)  (178,574)  (303,855)  (393,780)  (14,848)  (101,984)  (224,276)  (227,313)  (21,325)  }
			Time Taken: 8015000ns


Profiling for Convex Hull by Divide and Conquer:
			Set Size: 70
			Set Elements: {(219,551)  (338,690)  (508,677)  (426,810)  (599,98)  (993,386)  (302,669)  (801,904)  (33,467)  (997,148)  (178,105)  (827,561)  (959,341)  (525,177)  (637,113)  (486,145)  (455,370)  (834,406)  (462,339)  (430,946)  (594,601)  (46,535)  (359,43)  (181,511)  (827,785)  (223,678)  (987,933)  (819,972)  (806,546)  (508,267)  (785,679)  (678,129)  (129,928)  (334,106)  (263,986)  (803,686)  (949,1)  (368,930)  (799,768)  (627,422)  (237,619)  (655,794)  (149,188)  (414,598)  (269,825)  (995,100)  (246,311)  (59,252)  (156,877)  (347,556)  (961,391)  (893,786)  (930,444)  (924,720)  (202,623)  (847,90)  (362,7)  (355,582)  (122,323)  (800,745)  (96,646)  (213,882)  (31,738)  (192,453)  (844,588)  (294,527)  (850,724)  (168,993)  (621,480)  (206,955)  }
			Time Taken: 249000ns


