703 575
855 259
33 77
139 9
695 319
421 176
664 365
53 680
809 928
638 386
609 127
67 492
346 207
468 296
473 499
80 97
999 536
741 259
928 186
994 469
128 873
326 262
653 146
706 201
848 307
665 95
85 111
672 592
274 602
623 637
429 226
967 69
613 130
478 329
842 668
470 966
505 953
165 823
472 840
797 429
712 266
650 676
496 414
796 218
573 518
290 663
679 332
991 996
39 930
297 386
213 373
915 295
311 501
973 527
395 388
778 925
533 416
383 61
964 223
171 359
798 766
209 50
444 126
786 587
97 547
864 896
411 706
462 509
812 695
35 794
619 272
29 175
123 994
897 997
973 342
497 523
545 263
455 993
568 74
934 181
781 946
319 584
826 296
473 403
806 4
66 947
404 874
570 582
895 571
247 857
993 527
658 153
867 884
80 50
175 934
45 670
473 19
459 29
132 273
745 678
