219 551
338 690
508 677
426 810
599 98
993 386
302 669
801 904
33 467
997 148
178 105
827 561
959 341
525 177
637 113
486 145
455 370
834 406
462 339
430 946
594 601
46 535
359 43
181 511
827 785
223 678
987 933
819 972
806 546
508 267
785 679
678 129
129 928
334 106
263 986
803 686
949 1
368 930
799 768
627 422
237 619
655 794
149 188
414 598
269 825
995 100
246 311
59 252
156 877
347 556
961 391
893 786
930 444
924 720
202 623
847 90
362 7
355 582
122 323
800 745
96 646
213 882
31 738
192 453
844 588
294 527
850 724
168 993
621 480
206 955
