717 988
909 387
286 502
367 347
487 830
927 803
167 470
447 988
774 490
783 392
447 742
223 323
40 668
270 376
39 113
124 584
83 969
184 397
459 233
239 36
799 315
658 377
937 639
954 940
383 260
491 506
393 110
954 759
57 241
188 950
435 347
869 515
939 712
74 623
646 719
723 11
358 682
208 392
77 291
327 243
245 529
672 574
105 722
61 17
628 58
897 760
484 122
331 854
826 572
239 439
73 603
353 955
225 639
191 590
343 45
963 540
659 406
993 354
629 478
971 55
28 940
127 18
893 266
73 13
740 114
730 887
442 720
61 744
52 63
794 5
475 923
513 707
853 22
172 896
776 358
209 437
246 51
531 336
778 606
564 981
